00111000110110000111
00000000010110000011
00001000100110000101
00011001000010001001
00101001100010001011
00000000010010001101
00001000100000001111
00010000110000010001
00011001000000010011
00100001010001010101
00110001110001010111
00001001010001011001
00010001100111011011
00100000100111011101
00001000110111011111
00000000000000000010
00000000000000000100
00000000000000000110
00000000000000001000
00000000000000001010
00000000000000001100
00000000000000001110
00000000000000010000
00000000000000010010
00000000000000010100
00000000000000010110
00000000000000011000
00000000000000011010
00000000000000011100
00000000000000011110
